1 0
-1 -1
64 64 64 64 64 64 64 64 64 64 64 64 64 64 64 64 64 64
32 32 32 32 32 64 64 64 32 32 32 32 32 32 32 32 32 64
64 64 32 64 32 64 64 64 32 64 32 64 64 32 64 64 64 64
64 64 32 64 32 64 64 64 32 64 32 64 64 32 32 32 32 64
64 64 32 64 32 32 32 32 32 64 32 64 64 32 64 64 32 64
64 64 32 64 64 32 64 64 64 64 32 32 64 32 64 64 32 64
64 64 32 64 64 32 64 64 32 64 64 32 64 32 64 64 32 64
64 64 32 64 64 32 64 64 32 64 64 32 64 32 64 32 32 64
64 32 32 64 64 32 64 64 32 64 64 32 64 32 64 64 64 64
64 64 32 64 64 32 64 64 32 64 64 32 64 32 32 32 32 64
64 64 32 64 64 32 32 32 32 64 64 32 64 64 64 64 64 64
64 64 32 64 64 64 64 64 32 64 64 32 64 64 64 32 64 64
64 64 32 32 32 64 64 64 32 64 64 32 64 64 64 32 64 64
64 64 32 64 64 64 32 32 32 64 64 32 64 64 64 32 64 64
64 64 32 64 64 64 32 64 64 64 64 32 32 32 64 32 32 64
64 64 32 32 32 64 32 64 64 64 64 64 64 64 64 32 64 64
64 64 64 64 32 64 32 32 32 32 32 32 32 32 32 32 64 64
64 64 64 64 32 64 64 64 64 64 32 64 64 64 64 32 64 64
64 32 32 32 32 64 64 64 64 64 32 64 64 64 64 32 64 64
64 64 64 64 64 64 64 64 64 64 64 64 64 64 64 64 64 64